NEW:
* initLoans.R now includes obnoxious chargeoff double-taxation in realROI (which propagates to ROIavg).
* model was trained on data restricted to loans with interest rates [0.06, 0.2].
* interest ceiling introduced as a parameter we search over (like probBad and intFloor).
* "hardship" mode loans excluded, and in particular excluded from purpspecbadness. (somehow, the highlyspecific
  hardship ones actually have consistently LESS FREQUENT is_bad).

Features used:
===========================
MTHS_SINCE_LAST_MAJOR_DEROG + delinq_2yrs + latitude + longitude + 
jobtitlegood + EMPLOYMENT_LENGTH + REVOLVING_UTILIZATION + 
INQUIRIES_IN_LAST_6_MONTHS + after_loan_monthly_income +
dti_frac + FICO_RANGE_LOW + purp_spec_badness + LOAN_AMOUNT + is_rent

(same as previous oct2018)
===========================
(RF, ntree=500)

interestCeiling IS NOW A state/.txt FILE!!!!!!!



==============================================
ROI 0.0729,  fractaken 0.00911,  numtaken 3571,  badProb 0.066,  intFloor 0.100, intCeil 0.130 (say 0.14 for higher rate modern)
                                                                                                ....eh, 0.145 for easy consistency.
==============================================
surroundceil=subset(withceil, (badProb>=0.056 & badProb<=0.07 & interest>=0.1 & interest<=0.105 & intceil>=0.13 & intceil<=0.145) )
> quantile(surroundceil$ROIavg,seq(0,1,0.1))
     0%     10%     20%     30%     40%     50%     60%     70%     80%     90%
0.07030 0.07113 0.07150 0.07209 0.07262 0.07290 0.07310 0.07360 0.07380 0.07421
==============================================================================
note: 9.5% as int floor was kind of bad; not terrible though...
          X ROI95lo ROIavg fractaken numtaken badProb interest intceil
377   484  0.0680 0.0747   0.00524     2055   0.056    0.105   0.130
378   485  0.0684 0.0747   0.00567     2222   0.056    0.100   0.130
391   501  0.0668 0.0732   0.00585     2292   0.058    0.105   0.130
392   502  0.0674 0.0735   0.00630     2472   0.058    0.100   0.130
405   518  0.0678 0.0739   0.00646     2532   0.060    0.105   0.130
406   519  0.0685 0.0743   0.00696     2728   0.060    0.100   0.130
419   535  0.0675 0.0733   0.00706     2769   0.062    0.105   0.130
420   536  0.0681 0.0737   0.00761     2984   0.062    0.100   0.130
433   552  0.0680 0.0735   0.00774     3035   0.064    0.105   0.130
434   553  0.0683 0.0736   0.00835     3275   0.064    0.100   0.130
447   569  0.0678 0.0731   0.00845     3312   0.066    0.105   0.130
448   570  0.0679 0.0729   0.00911     3571   0.066    0.100   0.130
461   586  0.0673 0.0725   0.00927     3636   0.068    0.105   0.130
462   587  0.0677 0.0725   0.00999     3917   0.068    0.100   0.130
475   603  0.0667 0.0716   0.01000     3939   0.070    0.105   0.130
476   604  0.0670 0.0717   0.01080     4241   0.070    0.100   0.130
1236 1521  0.0670 0.0736   0.00563     2208   0.056    0.105   0.135
1237 1522  0.0674 0.0738   0.00606     2375   0.056    0.100   0.135
1251 1538  0.0663 0.0726   0.00631     2473   0.058    0.105   0.135
1252 1539  0.0669 0.0729   0.00677     2653   0.058    0.100   0.135
1266 1555  0.0670 0.0730   0.00697     2733   0.060    0.105   0.135
1267 1556  0.0677 0.0734   0.00747     2929   0.060    0.100   0.135
1281 1572  0.0669 0.0727   0.00763     2990   0.062    0.105   0.135
1282 1573  0.0676 0.0730   0.00817     3205   0.062    0.100   0.135
1296 1589  0.0676 0.0730   0.00835     3275   0.064    0.105   0.135
1297 1590  0.0679 0.0731   0.00896     3515   0.064    0.100   0.135
1311 1606  0.0668 0.0721   0.00915     3587   0.066    0.105   0.135
1312 1607  0.0670 0.0720   0.00981     3846   0.066    0.100   0.135
1326 1623  0.0665 0.0715   0.01010     3944   0.068    0.105   0.135
1327 1624  0.0668 0.0716   0.01080     4225   0.068    0.100   0.135
1341 1640  0.0660 0.0708   0.01090     4278   0.070    0.105   0.135
1342 1641  0.0664 0.0710   0.01170     4580   0.070    0.100   0.135
2147 2558  0.0685 0.0749   0.00603     2364   0.056    0.105   0.140
2148 2559  0.0688 0.0749   0.00645     2531   0.056    0.100   0.140
2163 2575  0.0675 0.0736   0.00678     2660   0.058    0.105   0.140
2164 2576  0.0680 0.0739   0.00724     2840   0.058    0.100   0.140
2179 2592  0.0677 0.0736   0.00752     2950   0.060    0.105   0.140
2180 2593  0.0684 0.0739   0.00802     3146   0.060    0.100   0.140
2195 2609  0.0672 0.0728   0.00823     3229   0.062    0.105   0.140
2196 2610  0.0678 0.0731   0.00878     3444   0.062    0.100   0.140
2211 2626  0.0674 0.0727   0.00902     3535   0.064    0.105   0.140
2212 2627  0.0677 0.0728   0.00963     3775   0.064    0.100   0.140
2227 2643  0.0664 0.0715   0.00987     3869   0.066    0.105   0.140
2228 2644  0.0666 0.0715   0.01050     4128   0.066    0.100   0.140
2243 2660  0.0663 0.0712   0.01090     4258   0.068    0.105   0.140
2244 2661  0.0667 0.0714   0.01160     4539   0.068    0.100   0.140
2259 2677  0.0655 0.0703   0.01180     4615   0.070    0.105   0.140
2260 2678  0.0659 0.0705   0.01250     4917   0.070    0.100   0.140
3110 3595  0.0686 0.0750   0.00617     2421   0.056    0.105   0.145
3111 3596  0.0689 0.0750   0.00660     2588   0.056    0.100   0.145
3127 3612  0.0677 0.0738   0.00694     2720   0.058    0.105   0.145
3128 3613  0.0682 0.0740   0.00740     2900   0.058    0.100   0.145
3144 3629  0.0678 0.0736   0.00770     3018   0.060    0.105   0.145
3145 3630  0.0684 0.0740   0.00820     3214   0.060    0.100   0.145
3161 3646  0.0670 0.0725   0.00842     3302   0.062    0.105   0.145
3162 3647  0.0676 0.0729   0.00897     3517   0.062    0.100   0.145
3178 3663  0.0672 0.0725   0.00922     3617   0.064    0.105   0.145
3179 3664  0.0675 0.0726   0.00984     3857   0.064    0.100   0.145
3195 3680  0.0663 0.0715   0.01010     3957   0.066    0.105   0.145
3196 3681  0.0665 0.0714   0.01080     4216   0.066    0.100   0.145
3212 3697  0.0662 0.0711   0.01110     4359   0.068    0.105   0.145
3213 3698  0.0666 0.0713   0.01180     4640   0.068    0.100   0.145
3229 3714  0.0656 0.0703   0.01210     4730   0.070    0.105   0.145
3230 3715  0.0660 0.0705   0.01280     5032   0.070    0.100   0.145







==============
ROI 0.0680,  fractaken 0.0244,  numtaken 9559,  badProb 0.090,  intFloor 0.1,  intCeil 0.135 (say 0.145 for higher rate modern)
==============
surroundceil=subset(withceil, (badProb>=0.08 & badProb<=0.09 & interest>=0.1 & interest<=0.105 & intceil>=0.13 & intceil<=0.14) )
> quantile(surroundceil$ROIavg,seq(0,1,0.1))
     0%     10%     20%     30%     40%     50%     60%     70%     80%     90%
0.06670 0.06755 0.06810 0.06830 0.06840 0.06880 0.06980 0.07000 0.07010 0.07050
=================================================================================
        X ROI95lo ROIavg fractaken numtaken badProb interest intceil
545   688  0.0666 0.0706    0.0150     5881   0.080    0.105   0.130
546   689  0.0672 0.0710    0.0161     6326   0.080    0.100   0.130
559   705  0.0659 0.0698    0.0161     6294   0.082    0.105   0.130
560   706  0.0664 0.0701    0.0173     6769   0.082    0.100   0.130
573   722  0.0665 0.0703    0.0172     6736   0.084    0.105   0.130
574   723  0.0668 0.0704    0.0184     7231   0.084    0.100   0.130
587   739  0.0663 0.0700    0.0184     7197   0.086    0.105   0.130
588   740  0.0666 0.0701    0.0197     7730   0.086    0.100   0.130
601   756  0.0652 0.0688    0.0197     7726   0.088    0.105   0.130
602   757  0.0655 0.0689    0.0212     8297   0.088    0.100   0.130
615   773  0.0648 0.0683    0.0209     8213   0.090    0.105   0.130
616   774  0.0651 0.0684    0.0225     8819   0.090    0.100   0.130
1416 1725  0.0666 0.0706    0.0163     6393   0.080    0.105   0.135
1417 1726  0.0672 0.0709    0.0174     6838   0.080    0.100   0.135
1431 1742  0.0660 0.0698    0.0175     6851   0.082    0.105   0.135
1432 1743  0.0664 0.0700    0.0187     7326   0.082    0.100   0.135
1446 1759  0.0664 0.0701    0.0187     7333   0.084    0.105   0.135
1447 1760  0.0667 0.0702    0.0200     7828   0.084    0.100   0.135
1461 1776  0.0661 0.0697    0.0200     7828   0.086    0.105   0.135
1462 1777  0.0664 0.0698    0.0213     8361   0.086    0.100   0.135
1476 1793  0.0648 0.0683    0.0214     8406   0.088    0.105   0.135
1477 1794  0.0651 0.0684    0.0229     8977   0.088    0.100   0.135
1491 1810  0.0646 0.0679    0.0228     8953   0.090    0.105   0.135
1492 1811  0.0648 0.0680    0.0244     9559   0.090    0.100   0.135
2339 2762  0.0644 0.0683    0.0177     6936   0.080    0.105   0.140
2340 2763  0.0650 0.0688    0.0188     7381   0.080    0.100   0.140
2355 2779  0.0643 0.0681    0.0190     7443   0.082    0.105   0.140
2356 2780  0.0648 0.0684    0.0202     7918   0.082    0.100   0.140
2371 2796  0.0648 0.0684    0.0203     7968   0.084    0.105   0.140
2372 2797  0.0652 0.0687    0.0216     8463   0.084    0.100   0.140
2387 2813  0.0645 0.0680    0.0217     8507   0.086    0.105   0.140
2388 2814  0.0649 0.0682    0.0231     9040   0.086    0.100   0.140
2403 2830  0.0636 0.0670    0.0233     9143   0.088    0.105   0.140
2404 2831  0.0639 0.0672    0.0248     9714   0.088    0.100   0.140
2419 2847  0.0634 0.0667    0.0248     9741   0.090    0.105   0.140
2420 2848  0.0638 0.0669    0.0264    10347   0.090    0.100   0.140
